960.9089
34.53548
106.4294
509.0949
633.5568
700.2958
867.2051
202.5976
875.5585
256.7611
600.3969
45.25871
470.8661
350.9653
927.4034
485.3816
137.0698
642.6373
431.5379
85.52714
248.9866
819.8264
611.1522
663.1393
416.7849
864.5273
82.76249
681.1697
314.1097
568.3049
34.17398
888.7028
756.2076
297.9193
927.6059
211.5809
28.05175
10.95135
452.8165
893.0292
462.4669
521.4268
857.3501
253.8912
906.4921
859.5169
955.4596
740.0803
356.372
730.2282
884.2804
268.2542
15.44173
764.0524
485.2003
608.3165
816.7878
145.4146
234.9126
927.7834
402.5768
5.479349
52.42343
532.1356
668.8657
218.5753
627.2471
415.3308
446.2822
855.32
60.03041
337.9279
265.6489
885.7453
753.1783
155.2128
373.6089
199.3792
614.0344
167.3712
552.954
946.9257
50.35014
71.55861
450.9874
671.0384
873.3732
866.4054
524.699
132.422
551.4783
395.3224
998.2505
473.5849
132.7259
87.37077
864.7326
296.258
648.3492
839.5731